{
  "n_reviews": 35874,
  "n_games": 9,
  "avg_sentiment": 0.2528204688632436,
  "share_monetization_mentions": 0.03163851257177901
}