Random Forest CV (5-fold)
{
  "accuracy_mean": 0.8217094404979655,
  "accuracy_std": 0.006437645605818369,
  "f1_mean": 0.6183467301060379,
  "f1_std": 0.009008232628451681,
  "roc_auc_mean": 0.8465528301960589,
  "roc_auc_std": 0.00703730760906892
}